0.0 -1.0
0.0 -1.0
0.0 -1.0
0.0 -1.0
0.0 -1.0
0.0 -1.0
0.0 -1.0
0.0 -1.0
0.0 -1.0
0.0 -1.0
0.0 -1.0
0.0 -1.0
-3.4981747759584514 2.0
-4.1483572983626065 3.0
-4.733521568526346 3.0
-5.260169411673711 3.0
-5.734152470506341 3.0
-6.1607372234557065 3.0
-6.544663501110136 3.0
-10.0 1.0
-10.0 2.0
0.0 -1.0
0.0 -1.0
-2.775749751064946 2.0
0.0 -1.0
0.0 -1.0
0.0 -1.0
0.0 -1.0
0.0 -1.0
-6.1607372234557065 2.0
0.0 -1.0
-10.0 0.0
0.0 -1.0
0.0 -1.0
-1.9730552789610512 2.0
-2.775749751064946 3.0
-3.498174775958452 3.0
-4.1483572983626065 3.0
-4.7335215685263465 3.0
-5.260169411673711 3.0
-5.7341524705063405 3.0
0.0 -1.0
-10.0 0.0
0.0 -1.0
0.0 -1.0
-1.0811725321789458 2.0
0.0 -1.0
-4.1483572983626065 0.0
0.0 -1.0
0.0 -1.0
0.0 -1.0
0.0 -1.0
0.0 -1.0
-10.0 0.0
0.0 -1.0
0.0 -1.0
-0.09019170242105101 2.0
0.0 -1.0
-4.733521568526346 0.0
-5.260169411673711 3.0
-5.7341524705063405 3.0
0.0 -1.0
-10.0 1.0
-10.0 1.0
-10.0 0.0
0.0 -1.0
0.0 -1.0
1.0108981084210544 2.0
0.0 -1.0
-5.260169411673711 0.0
0.0 -1.0
0.0 -1.0
0.0 -1.0
0.0 -1.0
0.0 -1.0
-10.0 0.0
0.0 -1.0
0.0 -1.0
2.2343312315789494 2.0
0.0 -1.0
-5.7341524705063405 0.0
0.0 -1.0
18.42105263157895 1.0
21.578947368421055 1.0
18.42105263157895 -1.0
0.0 -1.0
-10.0 0.0
0.0 -1.0
0.0 -1.0
3.593701368421055 2.0
0.0 -1.0
0.0 -1.0
0.0 -1.0
15.578947368421055 0.0
0.0 -1.0
0.0 -1.0
0.0 -1.0
-10.0 0.0
0.0 -1.0
0.0 -1.0
5.10411263157895 1.0
6.782347368421055 1.0
8.64705263157895 1.0
10.718947368421055 1.0
13.02105263157895 0.0
10.718947368421055 3.0
8.64705263157895 3.0
0.0 -1.0
-10.0 0.0
0.0 -1.0
0.0 -1.0
0.0 -1.0
0.0 -1.0
0.0 -1.0
0.0 -1.0
0.0 -1.0
0.0 -1.0
0.0 -1.0
0.0 -1.0
0.0 -1.0
0.0 -1.0
