0.0 -1.0
0.0 -1.0
0.0 -1.0
0.0 -1.0
0.0 -1.0
0.0 -1.0
0.0 -1.0
0.0 -1.0
0.0 -1.0
0.0 -1.0
0.0 -1.0
0.0 -1.0
99.4473912713661 2.0
88.50265214422949 3.0
78.65238692980655 3.0
69.78714823682589 3.0
61.80843341314332 3.0
54.62759007182899 3.0
48.16483106464609 3.0
38.34834795818148 3.0
33.51351316236333 3.0
0.0 -1.0
0.0 -1.0
111.60821252374011 2.0
0.0 -1.0
0.0 -1.0
0.0 -1.0
0.0 -1.0
0.0 -1.0
54.62759007182898 2.0
0.0 -1.0
29.162161846127 0.0
0.0 -1.0
0.0 -1.0
125.120236137489 2.0
111.60821252374011 3.0
99.44739127136612 3.0
88.5026521442295 3.0
78.65238692980655 3.0
69.7871482368259 3.0
61.80843341314331 3.0
0.0 -1.0
25.2459456615143 0.0
0.0 -1.0
0.0 -1.0
140.1335957083211 2.0
0.0 -1.0
88.50265214422951 0.0
0.0 -1.0
0.0 -1.0
0.0 -1.0
0.0 -1.0
0.0 -1.0
21.721351095362866 0.0
0.0 -1.0
0.0 -1.0
156.815106342579 2.0
0.0 -1.0
78.65238692980654 0.0
69.7871482368259 3.0
61.80843341314332 3.0
0.0 -1.0
13.12486494851953 1.0
15.694294387243922 1.0
18.549215985826578 0.0
0.0 -1.0
0.0 -1.0
175.3501181584211 2.0
0.0 -1.0
69.7871482368259 0.0
0.0 -1.0
0.0 -1.0
0.0 -1.0
0.0 -1.0
0.0 -1.0
15.694294387243918 0.0
0.0 -1.0
0.0 -1.0
195.944575731579 2.0
0.0 -1.0
61.80843341314331 0.0
0.0 -1.0
468.42105263157896 1.0
521.578947368421 1.0
468.421052631579 -1.0
0.0 -1.0
13.124864948519528 0.0
0.0 -1.0
0.0 -1.0
218.8273063684211 2.0
0.0 -1.0
0.0 -1.0
0.0 -1.0
420.57894736842115 0.0
0.0 -1.0
0.0 -1.0
0.0 -1.0
10.812378453667575 0.0
0.0 -1.0
0.0 -1.0
244.252562631579 1.0
272.5028473684211 1.0
303.892052631579 1.0
338.76894736842115 1.0
377.52105263157904 0.0
338.76894736842115 3.0
303.892052631579 3.0
0.0 -1.0
8.731140608300823 0.0
0.0 -1.0
0.0 -1.0
0.0 -1.0
0.0 -1.0
0.0 -1.0
0.0 -1.0
0.0 -1.0
0.0 -1.0
0.0 -1.0
0.0 -1.0
0.0 -1.0
0.0 -1.0
