0.0 -1
0.0 -1
0.0 -1
0.0 -1
0.0 -1
0.0 -1
0.0 -1
0.0 -1
0.0 -1
0.0 -1
0.0 -1
0.0 -1
0.0 1
0.0 1
0.0 1
0.0 1
0.0 1
0.0 3
0.0 1
0.0 1
0.0 2
0.0 -1
0.0 -1
0.0 0
0.0 -1
0.0 -1
0.0 -1
0.0 -1
0.0 -1
0.0 2
0.0 -1
0.0 0
0.0 -1
0.0 -1
0.0 0
0.0 1
0.0 1
0.0 1
0.0 1
0.0 1
0.0 0
0.0 -1
0.0 0
0.0 -1
0.0 -1
0.0 0
0.0 -1
0.0 0
0.0 -1
0.0 -1
0.0 -1
0.0 -1
0.0 -1
0.0 0
0.0 -1
0.0 -1
0.0 2
0.0 -1
0.0 0
0.0 1
0.0 3
0.0 -1
0.0 1
0.0 1
0.0 0
0.0 -1
0.0 -1
1.0108981 2
0.0 -1
0.0 0
0.0 -1
0.0 -1
0.0 -1
0.0 -1
0.0 -1
0.0 0
0.0 -1
0.0 -1
2.2343312 2
0.0 -1
0.0 0
0.0 -1
18.421053 1
21.578947 1
18.421053 -1
0.0 -1
0.0 0
0.0 -1
0.0 -1
3.5937014 2
0.0 -1
0.0 -1
0.0 -1
15.578947 0
0.0 -1
0.0 -1
0.0 -1
0.0 0
0.0 -1
0.0 -1
5.1041126 1
6.7823474 1
8.6470526 1
10.718947 1
13.021053 0
10.718947 3
8.6470526 3
0.0 -1
0.0 0
0.0 -1
0.0 -1
0.0 -1
0.0 -1
0.0 -1
0.0 -1
0.0 -1
0.0 -1
0.0 -1
0.0 -1
0.0 -1
0.0 -1
