0.0 -1
0.0 -1
0.0 -1
0.0 -1
0.0 -1
0.0 -1
0.0 -1
0.0 -1
0.0 -1
0.0 -1
0.0 -1
0.0 -1
99.447391 2
88.502652 3
78.652387 3
69.787148 3
61.808433 3
54.62759 3
48.164831 2
38.348348 3
33.513513 3
0.0 -1
0.0 -1
111.60821 2
0.0 -1
0.0 -1
0.0 -1
0.0 -1
0.0 -1
54.62759 2
0.0 -1
29.162162 0
0.0 -1
0.0 -1
125.12024 2
111.60821 3
99.447391 3
88.502652 3
78.652387 3
69.787148 3
61.808433 3
0.0 -1
25.245946 0
0.0 -1
0.0 -1
140.1336 2
0.0 -1
88.502652 0
0.0 -1
0.0 -1
0.0 -1
0.0 -1
0.0 -1
21.721351 0
0.0 -1
0.0 -1
156.81511 2
0.0 -1
78.652387 0
69.787148 3
61.808433 3
0.0 -1
13.124865 1
15.694294 1
18.549216 0
0.0 -1
0.0 -1
175.35012 2
0.0 -1
69.787148 0
0.0 -1
0.0 -1
0.0 -1
0.0 -1
0.0 -1
15.694294 0
0.0 -1
0.0 -1
195.94458 2
0.0 -1
61.808433 0
0.0 -1
468.42105 1
521.57895 1
468.42105 -1
0.0 -1
13.124865 0
0.0 -1
0.0 -1
218.82731 2
0.0 -1
0.0 -1
0.0 -1
420.57895 0
0.0 -1
0.0 -1
0.0 -1
10.812378 0
0.0 -1
0.0 -1
244.25256 1
272.50285 1
303.89205 1
338.76895 1
377.52105 0
338.76895 3
303.89205 3
0.0 -1
8.7311406 0
0.0 -1
0.0 -1
0.0 -1
0.0 -1
0.0 -1
0.0 -1
0.0 -1
0.0 -1
0.0 -1
0.0 -1
0.0 -1
0.0 -1
