-10000000000.0 0.0
-10000000000.0 0.0
-10000000000.0 0.0
-10000000000.0 0.0
-10000000000.0 0.0
-10000000000.0 0.0
-10000000000.0 0.0
-10000000000.0 0.0
-10000000000.0 0.0
-10000000000.0 0.0
-10000000000.0 0.0
-10000000000.0 0.0
-6.911633018580266 2.0
-7.22046971672224 3.0
-7.498422745050016 3.0
-7.748580470545015 3.0
-7.973722423490513 3.0
-8.176350181141462 3.0
-8.358715163027316 2.0
-9.999999969160543 1.0
-9.999999969160543 2.0
-10000000000.0 0.0
-10000000000.0 0.0
-6.568481131755851 2.0
-10000000000.0 0.0
-10000000000.0 0.0
-10000000000.0 0.0
-10000000000.0 0.0
-10000000000.0 0.0
-8.176350181141462 2.0
-10000000000.0 0.0
-9.999999969160543 0.0
-10000000000.0 0.0
-10000000000.0 0.0
-6.1872012575065005 2.0
-6.568481131755851 3.0
-6.911633018580266 3.0
-7.22046971672224 3.0
-7.498422745050016 3.0
-7.748580470545015 3.0
-7.973722423490513 3.0
-10000000000.0 0.0
-9.999999969160543 0.0
-10000000000.0 0.0
-10000000000.0 0.0
-5.763556952785001 2.0
-10000000000.0 0.0
-7.22046971672224 0.0
-10000000000.0 0.0
-10000000000.0 0.0
-10000000000.0 0.0
-10000000000.0 0.0
-10000000000.0 0.0
-9.999999969160543 0.0
-10000000000.0 0.0
-10000000000.0 0.0
-5.2928410586500005 2.0
-10000000000.0 0.0
-7.498422745050016 0.0
-7.748580470545015 3.0
-7.973722423490513 3.0
-10000000000.0 0.0
-9.999999969160543 1.0
-9.999999969160543 1.0
-9.999999969160543 0.0
-10000000000.0 0.0
-10000000000.0 0.0
-4.769823398500001 2.0
-10000000000.0 0.0
-7.748580470545015 0.0
-10000000000.0 0.0
-10000000000.0 0.0
-10000000000.0 0.0
-10000000000.0 0.0
-10000000000.0 0.0
-9.999999969160543 0.0
-10000000000.0 0.0
-10000000000.0 0.0
-4.1886926650000005 2.0
-10000000000.0 0.0
-7.973722423490513 0.0
-10000000000.0 0.0
3.5 1.0
5.0 1.0
0.0 -1.0
-10000000000.0 0.0
-9.999999969160543 0.0
-10000000000.0 0.0
-10000000000.0 0.0
-3.5429918500000004 2.0
-10000000000.0 0.0
-10000000000.0 0.0
-10000000000.0 0.0
2.15 0.0
-10000000000.0 0.0
-10000000000.0 0.0
-10000000000.0 0.0
-9.999999969160543 0.0
-10000000000.0 0.0
-10000000000.0 0.0
-2.8255465 1.0
-2.028385 1.0
-1.14265 1.0
-0.15849999999999997 1.0
0.935 0.0
-0.15849999999999997 3.0
-1.14265 3.0
-10000000000.0 0.0
-9.999999969160543 0.0
-10000000000.0 0.0
-10000000000.0 0.0
-10000000000.0 0.0
-10000000000.0 0.0
-10000000000.0 0.0
-10000000000.0 0.0
-10000000000.0 0.0
-10000000000.0 0.0
-10000000000.0 0.0
-10000000000.0 0.0
-10000000000.0 0.0
-10000000000.0 0.0
