-10000000000.0 0.0
-10000000000.0 0.0
-10000000000.0 0.0
-10000000000.0 0.0
-10000000000.0 0.0
-10000000000.0 0.0
-10000000000.0 0.0
-10000000000.0 0.0
-10000000000.0 0.0
-10000000000.0 0.0
-10000000000.0 0.0
-10000000000.0 0.0
12.6480245304114 2.0
10.38322207737026 3.0
8.344899869633235 3.0
6.5104098826699115 3.0
4.8593688944029205 3.0
3.3734320049626287 3.0
2.036088804466366 2.0
-3.1675200759802706 3.0
-3.850768068382244 3.0
-10000000000.0 0.0
-10000000000.0 0.0
15.16447170045711 2.0
-10000000000.0 0.0
-10000000000.0 0.0
-10000000000.0 0.0
-10000000000.0 0.0
-10000000000.0 0.0
3.3734320049626287 2.0
-10000000000.0 0.0
-4.46569126154402 0.0
-10000000000.0 0.0
-10000000000.0 0.0
17.96052411161901 2.0
15.16447170045711 3.0
12.6480245304114 3.0
10.38322207737026 3.0
8.344899869633235 3.0
6.5104098826699115 3.0
4.8593688944029205 3.0
-10000000000.0 0.0
-5.019122135389618 0.0
-10000000000.0 0.0
-10000000000.0 0.0
21.067249012910008 2.0
-10000000000.0 0.0
10.38322207737026 0.0
-10000000000.0 0.0
-10000000000.0 0.0
-10000000000.0 0.0
-10000000000.0 0.0
-10000000000.0 0.0
-5.5172099218506565 0.0
-10000000000.0 0.0
-10000000000.0 0.0
24.519165569900007 2.0
-10000000000.0 0.0
8.344899869633235 0.0
6.5104098826699115 3.0
4.8593688944029205 3.0
-10000000000.0 0.0
-6.732046033029129 1.0
-6.3689400366990325 1.0
-5.965488929665591 0.0
-10000000000.0 0.0
-10000000000.0 0.0
28.354628411000007 2.0
-10000000000.0 0.0
6.5104098826699115 0.0
-10000000000.0 0.0
-10000000000.0 0.0
-10000000000.0 0.0
-10000000000.0 0.0
-10000000000.0 0.0
-6.3689400366990325 0.0
-10000000000.0 0.0
-10000000000.0 0.0
32.61625379000001 2.0
-10000000000.0 0.0
4.8593688944029205 0.0
-10000000000.0 0.0
89.0 1.0
100.0 1.0
0.0 -1.0
-10000000000.0 0.0
-6.732046033029129 0.0
-10000000000.0 0.0
-10000000000.0 0.0
37.35139310000001 2.0
-10000000000.0 0.0
-10000000000.0 0.0
-10000000000.0 0.0
79.10000000000001 0.0
-10000000000.0 0.0
-10000000000.0 0.0
-10000000000.0 0.0
-7.0588414297262165 0.0
-10000000000.0 0.0
-10000000000.0 0.0
42.61265900000001 1.0
48.45851000000001 1.0
54.95390000000001 1.0
62.171000000000014 1.0
70.19000000000001 0.0
62.171000000000014 3.0
54.95390000000001 3.0
-10000000000.0 0.0
-7.352957286753595 0.0
-10000000000.0 0.0
-10000000000.0 0.0
-10000000000.0 0.0
-10000000000.0 0.0
-10000000000.0 0.0
-10000000000.0 0.0
-10000000000.0 0.0
-10000000000.0 0.0
-10000000000.0 0.0
-10000000000.0 0.0
-10000000000.0 0.0
-10000000000.0 0.0
